0.495787719
0.488811086
0.482888646
0.475110779
0.469552497
0.46417128
0.457296337
0.451868676
0.445627378
0.438493792
0.433445807
0.426161824
0.419813297
0.417077057
0.406846953
0.401239696
0.394975686
0.388816658
0.383024015
0.376836529
0.371627899
0.364336227
0.358939456
0.352663081
0.345325871
0.340506454
0.335116934
0.330636994
0.324271277
0.315590391
0.312906394
0.303407017
0.3015112
0.295536491
0.28830371
0.283128604
0.277908434
0.272687503
0.265855604
0.263119184
0.258040974
0.249076367
0.244322048
0.24092661
0.234363365
0.230480746
0.224236714
0.217852818
0.212148845
0.210994018
0.203473397
0.199715981
0.194117408
0.189997332
0.183712062
0.178543219
0.174450419
0.169269921
0.166621928
0.159599495
0.155401135
0.152439507
0.14846179
0.141890821
0.137070149
0.133583966
0.130461287
0.124271237
0.121234349
0.117373611
0.113590449
0.109800367
0.1070352
0.102019322
0.098567589
0.094913442
0.090208748
0.088488706
0.083769482
0.08108663
0.07718297
0.07494493
0.070766819
0.066116805
0.064803386
0.058517285
0.057515379
0.055954729
0.052161772
0.050997904
0.046840685
0.045568533
0.042267969
0.039267487
0.037369376
0.034039283
0.034456877
0.031058663
0.029004894
0.027368029
0.028105918
0.024065735
0.021861635
0.020527506
0.018093681
0.016781499
0.016350848
0.015393275
0.014946431
0.012403515
0.010960611
0.011243584
0.00925637
0.008084735
0.006121841
0.007281899
0.006084852
0.006453826
0.003837755
0.00307395
0.005730683
0.003531743
0.0027079
0.004685669
0.001574516
0.004937683
0.004818821
0.00283695
0.004765861
0.003126477
0.005502569
0.004651156
0.005854807
0.006709889
0.005123026
0.007828014
0.011522839
0.011072721
0.012677289
0.010325091
0.012945822
0.014863794
0.016372395
0.018536054
0.021185983
0.019571649
0.024495716
0.022134033
0.024254981
0.028136367
0.030727948
0.032956553
0.030510766
0.036756555
0.039014712
0.041490448
0.045064847
0.04398288
0.04841334
0.051038015
0.051996173
0.057451827
0.059010847
0.061770551
0.064821026
0.065097188
0.071791629
0.073401018
0.076703894
0.080935827
0.083819762
0.087387561
0.090310882
0.095971076
0.097771687
0.102735588
0.103891303
0.110071027
0.113796785
0.117299359
0.121545116
0.125482317
0.130323119
0.135684811
0.137898109
0.14291173
0.147187604
0.151511984
0.155356146
0.161092294
0.164253969
0.16867416
0.176470933
0.17923112
0.182203005
0.189137918
0.192432703
0.197628589
0.20273645
0.209508345
0.213385753
0.218500054
0.224114156
0.229472565
0.233558183
0.238510673
0.244423086
0.250413971
0.254739893
0.26150015
0.264195508
0.271437977
0.277525587
0.284047266
0.289885479
0.295056613
0.302223435
0.306998281
0.311228951
0.319060883
0.322191084
0.329689805
0.335052481
0.341389443
0.345409484
0.353116792
0.357776191
0.364140648
0.372015455
0.377697632
0.38394172
0.390905023
0.39473663
0.403041266
0.407637918
0.413536765
0.419526196
0.427102134
0.432813428
0.439833282
0.442488378
0.450311672
0.457874794
0.464280661
0.468645581
0.475161312
0.481320739
0.488937604
0.496369299
0.498788445
0.507424557
0.514749029
0.518463439
0.527113139
0.530982833
0.537365148
0.546787161
0.549975356
0.556922013
0.565741735
0.570207854
0.573989978
0.580861777
0.587706509
0.593572898
0.599891916
0.607087276
0.614319454
0.618509217
0.623704726
0.629555135
0.635812748
0.643383277
0.648197388
0.654058913
0.660897712
0.664214529
0.670560729
0.678438169
0.682500846
0.688972531
0.695484272
0.699384939
0.70518193
0.711206076
0.715603175
0.723060145
0.730621076
0.737411278
0.740519564
0.746930178
0.751678091
0.756497526
0.76272948
0.767088569
0.772558285
0.775644646
0.782458352
0.786350897
0.794884882
0.79845335
0.802323427
0.808533474
0.811474419
0.816679292
0.820266115
0.827586915
0.83387676
0.837432975
0.843176847
0.844274659
0.850771952
0.855543271
0.858767032
0.86352951
0.867461314
0.871866703
0.87653121
0.881680708
0.885697793
0.887258597
0.892561597
0.896977557
0.898829044
0.904673887
0.905274236
0.909581694
0.911770185
0.917576439
0.921743916
0.924187302
0.925335596
0.930227278
0.93444973
0.938431988
0.93926687
0.942816412
0.946265227
0.950169863
0.951295185
0.954328725
0.958094325
0.959513657
0.961644131
0.967696659
0.966960692
0.969093867
0.972852976
0.972147475
0.974077332
0.977441309
0.976416913
0.98057433
0.981613679
0.981739769
0.983195175
0.987134892
0.984167872
0.989841572
0.9880441
0.992403473
0.992315484
0.991251286
0.992385079
0.992965717
0.995377124
0.995193993
0.998274196
0.997644102
0.99820141
0.99749166
0.997357047
0.99857917
0.999130851
0.995738832
0.998731397
0.998007663
0.997661732
0.995914443
0.997140853
0.994636522
0.995838807
0.996334515
0.996343507
0.992421275
0.994077391
0.993023056
0.99049374
0.991157214
0.989795683
0.989633458
0.986955699
0.986931973
0.984521336
0.982412869
0.979878817
0.979442406
0.977244358
0.976500069
0.976133157
0.972940424
0.969484938
0.96748613
0.965636794
0.963306397
0.962127161
0.958490029
0.956979147
0.953899761
0.94971906
0.948091977
0.947436154
0.945070687
0.93808344
0.936647383
0.935579188
0.930633319
0.92608053
0.922698188
0.918335572
0.919255637
0.913908403
0.910179816
0.908012943
0.903591766
0.900715901
0.895199773
0.891662595
0.889070362
0.885240801
0.881071743
0.875418324
0.870938194
0.868754536
0.864310815
0.858143124
0.853375387
0.849529959
0.843115936
0.841833628
0.835816396
0.832497663
0.827457255
0.823482063
0.817236522
0.814774842
0.80990081
0.804983504
0.799639203
0.792425374
0.788081956
0.78569028
0.78017769
0.773172047
0.767991474
0.762637504
0.756239445
0.749707165
0.745770432
0.741366973
0.735662267
0.731881744
0.724133208
0.720780277
0.710350279
0.705567901
0.701750868
0.693683431
0.689580631
0.684051331
0.678583013
0.66945537
0.667370677
0.661022486
0.656430736
0.648004252
0.645130024
0.637366505
0.630241892
0.623468655
0.618641768
0.613157976
0.607834375
0.599976208
0.593750924
0.590450011
0.58148804
0.57493139
0.567857153
0.563587159
0.558274386
0.550488623
0.546554398
0.537363456
0.532975717
0.525077022
0.520067691
0.513002474
0.508371617
0.502061725
0.493341961
0.485973274
0.481149696
0.475047961
0.470776506
0.464091811
0.458399192
0.453365028
0.445396797
0.439531868
0.434886798
0.4255516
0.421153444
0.413480283
0.407143588
0.399516129
0.392932527
0.389704325
0.383946187
0.374229091
0.371366908
0.363205221
0.359253677
0.354432185
0.347554792
0.341012761
0.335796016
0.328579723
0.323459964
0.315937747
0.312686947
0.305995014
0.302568251
0.294846405
0.290348099
0.282679121
0.278841947
0.272072932
0.269129774
0.260958534
0.253392441
0.252653128
0.24487046
0.240877025
0.234211482
0.228999133
0.224983869
0.21865883
0.213261848
0.208831684
0.203071917
0.198493526
0.191808071
0.188364634
0.183123175
0.180449428
0.172285744
0.168529445
0.165504569
0.16241479
0.156659918
0.15250833
0.146877016
0.143032995
0.136208648
0.132412503
0.130928359
0.124064908
0.123020069
0.117858784
0.111422554
0.110382837
0.1062381
0.104067817
0.09944402
0.094628385
0.091804689
0.087503178
0.081615675
0.0800769
0.078210423
0.074989112
0.068089658
0.065814465
0.065155931
0.060687733
0.058474152
0.057889889
0.052572219
0.052108895
0.048592955
0.045004753
0.044117232
0.043511226
0.038184512
0.035859258
0.035207087
0.031189745
0.028145888
0.027753074
0.024369996
0.022840944
0.024176839
0.023495485
0.01871463
0.015822604
0.013997528
0.013537086
0.012219848
0.011207858
0.012253743
0.007909719
0.009550058
0.009707588
0.008208964
0.004626664
0.006127386
0.005494378
0.00568807
0.00427375
0.004136726
0.002130511
0.003020915
0.004533766
0.000856827
0.002251364
0.004697381
0.005479309
0.002903259
0.003847166
0.005291424
0.003399607
0.004704949
0.006424477
0.00525881
0.00659521
0.008988019
0.008301768
0.011290093
0.011378386
0.012315915
0.013242142
0.014873533
0.017594906
0.02026658
0.018475893
0.021657643
0.026110673
0.025401012
0.030058085
0.03080992
0.033551419
0.035088717
0.03650166
0.039462863
0.039067016
0.042969786
0.046784839
0.045710996
0.052727115
0.052223322
0.056486568
0.05849539
0.062762277
0.066201354
0.068485625
0.071941014
0.075137778
0.078668032
0.080684504
0.082891418
0.089085139
0.092713427
0.096477071
0.098470832
0.102562788
0.106355937
0.110790879
0.114038686
0.118487764
0.1237745
0.124995168
0.130637784
0.134328224
0.137335959
0.14181419
0.146768769
0.151820305
0.156057749
0.161480921
0.163731644
0.169213741
0.1746532
0.177677451
0.183573541
0.187191266
0.19216063
0.199510796
0.203522137
0.209304658
0.2143291
0.218697902
0.225036564
0.23023942
0.237154959
0.241059448
0.243309643
0.249460519
0.254388151
0.259417817
0.266808452
0.270884052
0.278243433
0.282412272
0.289745824
0.294725682
0.301416128
0.304535472
0.311523934
0.317106638
0.323609218
0.328822208
0.336984265
0.340804131
0.347956996
0.352199713
0.358486857
0.365686365
0.370008246
0.379718323
0.385246278
0.389544121
0.396062133
0.399802374
0.409736731
0.412703219
0.42073801
0.426738213
0.432221624
0.43846867
0.444067468
0.450757361
0.455325582
0.463374358
0.468976892
0.477239296
0.483990579
0.488030689
0.495121538
0.499790262
0.506911352
0.512905253
0.518650492
0.525093537
0.532740929
0.538817061
0.546303673
0.551050872
0.55651799
0.56773309
0.567196129
0.576108289
0.584033016
0.586540425
0.593985146
0.600178335
0.606531524
0.611508258
0.619874411
0.625514481
0.629618885
0.634140472
0.643453574
0.648639812
0.653696396
0.663704647
0.665431504
0.671574198
0.677931252
0.684780935
0.68770165
0.694860278
0.700291082
0.705888568
0.714721404
0.717479654
0.726113758
0.728862279
0.737146352
0.740225733
0.746553002
0.750160685
0.756611647
0.762440698
0.765982266
0.773640856
0.776492139
0.7854801
0.787851636
0.793738321
0.799523061
0.802121142
0.809026302
0.812447775
0.818063551
0.823509228
0.827292226
0.834204292
0.839524116
0.843995874
0.844993131
0.849957517
0.85377114
0.860307831
0.862426699
0.867568173
0.871970897
0.874837583
0.879931523
0.883600921
0.889336763
0.891597181
0.895622855
0.897772005
0.903428901
0.906180921
0.909755448
0.914012424
0.919288538
0.920584579
0.922908522
0.92761092
0.929948458
0.935113956
0.936273735
0.940070932
0.940656242
0.944397657
0.94977101
0.948689834
0.952319847
0.956408319
0.959229449
0.961768878
0.965357657
0.965169344
0.969063449
0.969975407
0.97253464
0.974217262
0.974155656
0.974794071
0.979975626
0.980016193
0.983564513
0.985890842
0.985770607
0.986177131
0.989859807
0.989629203
0.989647244
0.99240873
0.992256291
0.989727904
0.996434084
0.996054904
0.99612861
0.996526931
0.995820757
0.997408854
0.996317411
0.998275446
0.999554221
0.997970366
0.997420069
0.999624251
0.998581172
0.997808813
0.999523809
0.995616961
0.99753549
0.99737049
0.997306698
0.997108217
0.994806854
0.993067985
0.991569347
0.990538898
0.989276442
0.990317673
0.987703003
0.986584246
0.987289344
0.983599428
0.983128711
0.981942706
0.980945014
0.97842812
0.976062066
0.973041326
0.971895723
0.968853957
0.966422743
0.9651982
0.962739034
0.961043907
0.958489662
0.956559627
0.954959231
0.950247917
0.947585911
0.945153765
0.942344287
0.938985947
0.939169001
0.933429984
0.933149795
0.927532388
0.924925705
0.918545936
0.917999024
0.91418524
0.909678072
0.905437401
0.90552042
0.899094751
0.897073011
0.89114608
0.889581427
0.884505087
0.88261547
0.876662887
0.873820671
0.866400371
0.864249543
0.85959997
0.853742776
0.848720596
0.846724662
0.841004601
0.836328398
0.832027174
0.827611017
0.823639826
0.817003962
0.814384703
0.807223765
0.802607607
0.798003777
0.793920319
0.789199127
0.783521363
0.778137822
0.774189604
0.767863424
0.760231817
0.757493789
0.751734673
0.74622988
0.740204899
0.734358036
0.731998103
0.725168924
0.71835926
0.713284499
0.709557094
0.701401566
0.694205572
0.689816057
0.684311303
0.678344032
0.670462928
0.666551859
0.663342303
0.651760878
0.648960994
0.642549184
0.637293815
0.630282354
0.624613644
0.617268682
0.611787591
0.608829018
0.600217392
0.596762792
0.588088635
0.58368081
0.574512679
0.570674606
0.562033094
0.560346501
0.549319534
0.544877475
0.538055546
0.533047094
0.527293164
0.517716711
0.513002262
0.506662337
0.499482065
0.503751692
0.496624806
0.488900406
0.483215573
0.478119389
0.469602768
0.463536592
0.458472033
0.452544671
0.444718904
0.438523928
0.43395248
0.426943353
0.419702404
0.413479667
0.408107371
0.400411692
0.395922687
0.390393495
0.381759432
0.376038561
0.372103634
0.364251706
0.359866947
0.354551936
0.348727936
0.342468883
0.334175716
0.328189571
0.325855098
0.318370251
0.311408281
0.303939149
0.301176054
0.293797672
0.288344079
0.281699106
0.281220356
0.271794295
0.267139201
0.260621584
0.253331443
0.249282509
0.245887503
0.239690567
0.23581686
0.230179567
0.223179989
0.220090708
0.214366325
0.2082312
0.202448152
0.197525668
0.192061105
0.189669423
0.183616131
0.178940078
0.17308434
0.168888824
0.16493358
0.161462057
0.155546842
0.151875725
0.148181411
0.146246137
0.138819059
0.134011574
0.128352412
0.126597813
0.122558017
0.117002148
0.11330427
0.111459847
0.106120153
0.101927695
0.09804851
0.09267045
0.092432565
0.087763639
0.083219601
0.082197454
0.077206697
0.072225651
0.070225414
0.068495402
0.065713774
0.063268623
0.059071075
0.055961271
0.052632723
0.050521528
0.048605756
0.046210807
0.042010244
0.040245674
0.038298687
0.034008653
0.032797705
0.032657449
0.029559262
0.028427995
0.027871112
0.024463049
0.023411264
0.020829672
0.019145645
0.017523758
0.015954213
0.013085648
0.013091463
0.011646773
0.010612734
0.011505096
0.009080782
0.008110798
0.006339871
0.00696738
0.005297529
0.005543052
0.004123251
0.004574089
0.00225143
0.003175854
0.002967171
0
0.003207389
0.003693999
0.003126731
0.002637831
0.004639925
0.004092639
0.006377828
0.00610974
0.005626279
0.006593884
0.007509506
0.010012235
0.008976945
0.008729928
0.010774593
0.011664047
0.013640274
0.014518836
0.018865206
0.016129422
0.018667794
0.018285415
0.024527243
0.023403362
0.025698286
0.029454229
0.029144587
0.031846873
0.032078786
0.036740316
0.039627617
0.039789363
0.04389047
0.046584656
0.045968059
0.05194021
0.053387378
0.054002317
0.059373673
0.06219544
0.065720522
0.067257861
0.068620474
0.076231123
0.078738469
0.078827811
0.082916787
0.085394711
0.090382328
0.093942886
0.099450415
0.100484729
0.10425483
0.107801761
0.113646404
0.117404029
0.122182209
0.12550349
0.129157999
0.132349573
0.137668413
0.141967507
0.148857447
0.152624173
0.156527147
0.159060365
0.165115329
0.166927266
0.174003661
0.178970287
0.181708381
0.189086047
0.192493616
0.19761087
0.202084821
0.206889045
0.213137489
0.218870825
0.222677231
0.230288808
0.233017852
0.240045338
0.246196994
0.249984753
0.256853621
0.26170805
0.266074248
0.270656335
0.276856681
0.283269061
0.288302487
0.295614119
0.300300465
0.305210484
0.310162621
0.318549592
0.323995787
0.331297544
0.335351077
0.34169521
0.347381276
0.354192481
0.359362072
0.365466152
0.37226357
0.377240361
0.381753168
0.389008662
0.395886182
0.401672787
0.405073645
0.412933062
0.418551724
0.424559842
0.434445905
0.436935716
0.443202912
0.450755738
0.45770885
0.465512972
0.471078484
0.476372803
0.481563629
0.489380232
0.495377851
0.501917388
0.507411896
0.510607786
0.519056359
0.523708655
0.534515714
0.536528812
0.545739188
0.551615017
0.555403757
0.563474498
0.570450701
0.576944582
0.58198885
0.588541469
0.589729616
0.600628867
0.608062458
0.612539773
0.619449454
0.625900503
0.631149608
0.635648144
0.643375649
0.646321747
0.652693667
0.6584801
0.665962292
0.671700584
0.676933699
0.686988998
0.690559905
0.696468032
0.702139865
0.707880709
0.713082075
0.718940291
0.722774819
0.731058647
0.736057482
0.74018665
0.745191091
0.750422537
0.754882155
0.761933708
0.765552644
0.770444545
0.779034874
0.781743833
0.78610378
0.79273208
0.79847588
0.804717065
0.808400265
0.813072032
0.817199051
0.823352686
0.826450192
0.833501574
0.838082899
0.843044286
0.846637393
0.849072272
0.854806797
0.857405374
0.865250629
0.868003656
0.873194622
0.875908751
0.880778687
0.886030572
0.888074042
0.893173823
0.895518888
0.900105551
0.902182131
0.908245007
0.909912478
0.916542907
0.915038448
0.921626696
0.92459822
0.927539617
0.928789756
0.931695619
0.93757937
0.940937388
0.940422761
0.946700355
0.948014513
0.950425939
0.953438517
0.956237059
0.95926689
0.959789959
0.963136015
0.965042665
0.969375682
0.970438239
0.973512719
0.974572597
0.975061481
0.980041821
0.97797278
0.98110781
0.980739036
0.983418085
0.987278808
0.986496954
0.987556854
0.99107564
0.992218115
0.989434858
0.992266253
0.995431336
0.993686054
0.994810861
0.997376847
0.995264716
0.998041909
0.996884274
0.997065319
0.997260232
0.998356865
1
0.998483489
0.998203013
0.999357888
0.998034259
0.994726781
0.998315861
0.994537879
0.997027036
0.995971705
0.995236102
0.992492077
0.995680332
0.992986089
0.993700482
0.990090882
0.989401595
0.989812154
0.984346092
0.984629356
0.985841187
0.983762881
0.98211371
0.981565889
0.976146587
0.975962616
0.973566227
0.973695783
0.969530614
0.968066849
0.966105203
0.96260183
0.961682623
0.957049259
0.95472195
0.951817387
0.950257357
0.946517356
0.94573531
0.94393184
0.939531466
0.935683993
0.934218126
0.928848361
0.92866588
0.924907615
0.92100298
0.917276187
0.913219027
0.910004464
0.908498051
0.90252732
0.899068248
0.896854746
0.89276789
0.887746803
0.881741921
0.880710691
0.875465266
0.871498904
0.867515167
0.863208211
0.86012857
0.855065371
0.849827274
0.845759756
0.842980178
0.835689557
0.832051313
0.826669352
0.824086021
0.81904351
0.812713313
0.808522645
0.802526067
0.799170282
0.792260612
0.790026018
0.783525279
0.775117075
0.77174964
0.767264129
0.763319214
0.757284588
0.75359784
0.74611992
0.739768311
0.732994302
0.730704245
0.723493013
0.71853407
0.713333912
0.708397089
0.701984182
0.693652571
0.691414876
0.684203189
0.677718708
0.675551094
0.66749522
0.660380118
0.654080259
0.647121342
0.642779573
0.635343859
0.629390566
0.625610825
0.62029533
0.611410424
0.606522537
0.597818627
0.596406448
0.587878229
0.580669113
0.575638355
0.568695351
0.563455292
0.555614373
0.552098119
0.544112866
0.536733946
0.533761862
0.524711417
0.51900733
0.511877862
0.509161042
0.500642572
0.494295428
0.487398187
0.48074223
0.475958255
0.470949645
0.462845851
0.457309818
0.451803496
0.446363208
0.438238331
0.432778021
0.424606252
0.420820548
0.415882291
0.407820601
0.401629169
0.395116404
0.388979881
0.383761827
0.377182704
0.371094305
0.363241341
0.358085212
0.353494099
0.345673942
0.340019487
0.334914875
0.329521599
0.323071092
0.319504759
0.312290832
0.303871967
0.30130305
0.293504389
0.289546657
0.283941415
0.274772016
0.270002152
0.264955944
0.259618875
0.255654259
0.251143506
0.245392795
0.239370868
0.234647019
0.228041536
0.223715081
0.218069764
0.211507712
0.207326374
0.201967991
0.198357763
0.194729055
0.186657819
0.184425317
0.177659636
0.174107645
0.172703677
0.164927765
0.160627147
0.15526333
0.151024341
0.146574365
0.142006262
0.137259483
0.134340059
0.130183209
0.125395155
0.122587822
0.118067557
0.113400492
0.11053899
0.105507887
0.102521446
0.099434004
0.094192468
0.088546521
0.091130978
0.084282039
0.080553596
0.077454464
0.073033165
0.070904713
0.065907362
0.065324741
0.064833619
0.058129411
0.055215614
0.053128736
0.050134147
0.047151386
0.045413051
0.04194361
0.039522121
0.039323516
0.03797193
0.033421136
0.031178001
0.032502306
0.025815719
0.024963293
0.023808336
0.020996457
0.020362385
0.017597611
0.017094085
0.013574965
0.017072432
0.013010583
0.014165102
0.011675579
0.009220953
0.007388141
0.010129448
0.007359816
0.006960271
0.007303217
0.005104638
0.002723709
0.004606581
0.005814296
0.003352527
0.00239554
0.004312011
0.00243059
0.004070718
0.002377734
0.001338242
0.00731524
0.004726905
0.004851749
0.005076213
0.005511417
0.004179224
0.006687452
0.007721989
0.007998928
0.010216097
0.009559154
0.011771481
0.012259454
0.015656547
0.0152609
0.017678046
0.018874721
0.020690589
0.024457269
0.023388589
0.026663409
0.028682394
0.029491287
0.032239248
0.034731608
0.035368337
0.039057729
0.040656215
0.041140031
0.044225727
0.050007735
0.051389423
0.055314889
0.054998876
0.0589986
0.06336408
0.065103899
0.067880042
0.070617759
0.075438148
0.077331741
0.079352407
0.083332611
0.087983506
0.091705406
0.093377946
0.099312507
0.102284488
0.107129439
0.110682164
0.114754576
0.117719359
0.123503441
0.12598218
0.128507937
0.135709709
0.137250992
0.144602072
0.146341643
0.150398687
0.157038063
0.161624424
0.165022347
0.170355855
0.173844853
0.176736355
0.183029808
0.188943294
0.192916026
0.200545382
0.202969255
0.208495857
0.213828691
0.219927559
0.223177395
0.230816511
0.235559871
0.239503842
0.24580953
0.24930093
0.254088839
0.264915768
0.2669539
0.27341443
0.277476561
0.281631102
0.291313978
0.294680295
0.30034234
0.307133157
0.313147634
0.318435813
0.323338354
0.3279215
0.332922994
0.341092656
0.345540111
0.354462686
0.358550785
0.362168652
0.371119872
0.376186006
0.383680088
0.387637521
0.396110578
0.40065779
0.410216138
0.414376413
0.419403331
0.426603121
0.432270326
0.43921966
0.445677346
0.448905241
0.458307205
0.462074764
0.470330048
0.474903651
0.483510387
0.489385477
0.49446768
0.499967206
0.504628492
0.514533737
0.519891835
0.52517454
0.5314098
0.539388616
0.547074354
0.550139476
0.557893047
0.564134834
0.569107694
0.575127108
0.581120683
0.586923417
0.594264736
0.602534608
0.606573079
0.610161745
0.617952787
0.623071755
0.631636607
0.636598932
0.641154205
0.650788629
0.65487105
0.661544807
0.667919025
0.67330831
0.675410105
0.682694097
0.691420346
0.695733059
0.701192024
0.708599565
0.712814488
0.717232532
0.724716083
0.727695147
0.732963527
0.74134415
0.749076387
0.749866115
0.757443966
0.7603041
0.769332671
0.773185224
0.777383183
0.782966452
0.787861746
0.793214178
0.800303082
0.80283616
0.807953905
0.81314921
0.819081078
0.823887507
0.826699227
0.833875397
0.83767435
0.842242836
0.845811108
0.851456742
0.856483277
0.860690773
0.862226108
0.868761665
0.872797767
0.87683578
0.881834265
0.882606951
0.889240223
0.89348598
0.896194547
0.90044893
0.904609528
0.905468328
0.912478594
0.916306469
0.916446156
0.920791713
0.92612369
0.928308732
0.92936497
0.934064673
0.938029277
0.939455233
0.942701236
0.944896614
0.948063842
0.951611053
0.954510027
0.955196296
0.958545164
0.961286213
0.962247246
0.966731119
0.96819216
0.970102371
0.973074214
0.974672965
0.97617101
0.977795087
0.978913797
0.984520603
0.982126077
0.983267787
0.985350165
0.987990836
0.9885377
0.987795137
0.990918876
0.993017796
0.99096053
0.99398585
0.99330424
0.995968978
0.997547966
0.996087981
0.998759377
0.998544181
0.998743807
0.997158411
0.997415297
0.997733064
0.998281089
0.996864545
0.996396209
0.997605293
0.997813116
0.997608216
0.997496934
0.99658431
0.995167291
0.993124907
0.993833941
0.994882465
0.993756876
0.992383279
0.992420816
0.989710997
0.987598295
0.987124792
0.986604987
0.984992092
0.981774236
0.981789952
0.980455944
0.978819661
0.976665796
0.973450322
0.97178432
0.970850771
0.966879558
0.966090478
0.96299922
0.961388885
0.958143115
0.957187474
0.954193554
0.950054166
0.948305233
0.9456319
0.945522417
0.941038632
0.935601798
0.933507931
0.931108233
0.930058783
0.924543805
0.921261989
0.916935858
0.914492661
0.910041752
0.907434603
0.904100313
0.899092985
0.896475055
0.891552641
0.887160447
0.885524749
0.880148754
0.875440061
0.873325098
0.867759106
0.863305394
0.858746048
0.85615874
0.851619873
0.845181176
0.842858807
0.836965683
0.831109683
0.826531085
0.823080265
0.817568529
0.814173556
0.810758797
0.802772031
0.800271759
0.792898647
0.787471026
0.784059405
0.777824405
0.774669809
0.767602006
0.764106973
0.756958455
0.752041769
0.745081858
0.739681079
0.73408941
0.73132965
0.721667249
0.717433212
0.713808696
0.70702264
0.699365438
0.693654708
0.690796927
0.683233325
0.677509662
0.672876214
0.667297454
0.65915604
0.654552289
0.647030154
0.642165284
0.638155232
0.631725338
0.624714139
0.619038081
0.612650861
0.60696101
0.602673593
0.594271914
0.587696388
0.582696463
0.576377101
0.571228712
0.562989137
0.557584213
0.552997636
0.543853552
0.539335645
0.531599191
0.528472933
0.519427153
0.515098002
0.507518437
0.500096654